0 17
0 27
0 28
0 32
0 49
0 55
0 92
0 108
0 128
0 145
0 163
0 165
0 170
0 183
0 212
0 237
0 268
0 329
0 391
0 395
0 396
0 433
0 474
0 580
0 660
0 715
0 720
0 724
0 741
0 903
1 128
1 299
1 424
1 473
1 660
2 5
2 65
2 137
2 321
2 404
2 570
2 694
3 63
3 128
3 299
3 672
3 916
4 6
4 22
4 23
4 27
4 32
4 37
4 85
4 89
4 90
4 123
4 126
4 167
4 193
4 256
4 297
4 320
4 328
4 329
4 339
4 343
4 391
4 432
4 442
4 541
4 598
4 641
4 696
4 742
4 775
4 875
4 904
4 970
5 65
5 137
5 321
5 404
5 570
5 694
5 963
5 993
6 18
6 30
6 32
6 33
6 45
6 85
6 88
6 92
6 186
6 205
6 329
6 344
6 353
6 476
6 643
6 763
6 886
7 78
7 854
7 903
8 69
8 92
8 329
8 696
8 778
9 20
9 32
9 59
9 963
10 32
10 100
10 166
10 554
10 653
10 783
11 172
11 484
11 687
12 63
12 201
12 279
12 371
12 530
12 854
13 32
13 70
13 347
14 689
15 25
15 111
15 132
15 134
15 280
15 414
15 608
15 876
16 101
16 210
16 373
16 515
16 764
17 29
17 38
17 108
17 145
17 163
17 170
17 183
17 246
17 268
17 287
17 458
17 499
17 580
17 715
17 854
18 30
18 33
18 56
18 88
18 523
18 795
19 66
19 87
19 103
19 145
19 789
19 942
20 59
20 76
20 348
20 430
20 621
20 699
20 783
20 963
21 32
21 62
21 366
21 783
21 807
22 37
22 193
22 391
22 516
22 598
23 135
23 140
23 176
23 256
23 320
23 541
23 598
23 724
24 107
24 117
24 575
25 95
25 134
25 172
25 198
25 329
25 506
25 608
25 876
26 163
26 194
26 527
26 704
26 836
27 63
27 64
27 68
27 88
27 89
27 90
27 92
27 102
27 111
27 123
27 125
27 126
27 148
27 149
27 167
27 177
27 207
27 252
27 278
27 283
27 285
27 297
27 327
27 328
27 329
27 353
27 391
27 426
27 538
27 560
27 578
27 582
27 598
27 679
27 752
27 768
27 778
27 783
27 856
27 903
27 970
28 214
28 903
28 909
29 145
29 163
29 259
29 396
30 33
30 88
31 34
31 134
31 137
31 172
31 195
31 200
31 404
31 607
31 611
31 687
31 965
32 36
32 45
32 53
32 56
32 57
32 62
32 63
32 66
32 69
32 76
32 88
32 92
32 93
32 100
32 111
32 119
32 139
32 141
32 147
32 158
32 161
32 172
32 182
32 186
32 190
32 191
32 197
32 222
32 224
32 253
32 256
32 263
32 277
32 298
32 302
32 305
32 329
32 341
32 348
32 353
32 366
32 368
32 378
32 391
32 400
32 404
32 422
32 434
32 473
32 474
32 484
32 546
32 558
32 562
32 591
32 621
32 628
32 653
32 657
32 660
32 663
32 665
32 676
32 677
32 687
32 696
32 718
32 731
32 739
32 744
32 766
32 773
32 778
32 783
32 787
32 795
32 798
32 807
32 835
32 875
32 879
32 921
32 963
32 970
32 990
33 56
33 88
33 164
33 332
33 341
33 835
33 956
34 88
34 136
34 200
34 414
35 795
36 92
36 116
36 139
36 191
36 254
36 270
36 312
36 329
36 361
36 391
36 541
36 598
36 619
36 696
37 90
37 176
37 297
37 320
37 329
37 334
37 391
37 442
37 516
37 541
37 598
37 691
38 55
38 82
38 122
38 129
38 163
38 172
38 183
38 206
38 259
38 302
38 338
38 396
38 404
38 419
38 431
38 441
38 622
38 696
38 903
39 52
39 384
39 390
39 537
40 49
40 91
40 107
40 155
40 180
40 202
40 210
40 220
40 225
40 266
40 384
40 521
40 674
40 967
40 981
41 179
41 263
41 298
41 403
41 455
41 783
41 835
42 54
42 80
42 117
42 575
42 878
42 979
43 63
43 107
43 114
43 130
43 149
43 155
43 159
43 210
43 225
43 292
43 373
43 436
43 468
43 473
43 502
43 525
43 781
43 829
43 854
44 46
44 49
44 73
44 84
44 98
44 138
44 180
44 225
44 266
44 384
44 388
44 439
44 446
44 556
44 854
45 88
45 643
46 138
46 187
46 274
46 388
46 732
46 855
47 138
47 187
47 439
48 81
48 325
48 889
49 107
49 220
49 266
50 66
50 76
50 103
50 133
50 143
50 789
50 942
51 137
51 195
51 200
51 664
51 681
51 862
51 965
52 187
52 210
52 225
52 274
52 373
53 553
53 591
53 773
54 117
54 149
54 176
54 320
54 869
54 979
55 96
55 259
55 396
55 755
56 88
56 164
56 391
56 467
57 182
57 312
57 353
57 376
57 930
58 63
58 112
58 156
58 201
58 226
58 279
58 337
58 854
58 863
58 970
59 76
59 143
59 263
59 277
59 354
59 362
59 608
59 783
59 963
60 105
60 117
60 149
60 204
60 251
60 325
60 391
61 88
61 164
61 210
61 236
61 425
61 795
61 976
62 219
62 353
62 540
62 710
63 78
63 107
63 112
63 115
63 128
63 137
63 138
63 146
63 156
63 201
63 210
63 221
63 225
63 226
63 238
63 258
63 271
63 274
63 279
63 293
63 365
63 371
63 393
63 435
63 473
63 496
63 504
63 530
63 570
63 584
63 599
63 612
63 617
63 700
63 751
63 843
63 852
63 854
64 125
64 167
64 297
65 137
65 321
66 76
66 87
66 103
66 111
66 134
66 147
66 172
66 450
66 734
66 789
66 942
67 72
67 196
67 248
67 329
67 413
67 796
68 125
68 152
68 297
68 403
69 92
69 93
69 104
69 297
69 329
69 355
69 427
69 498
69 696
69 778
69 952
70 503
71 320
71 391
71 541
71 549
71 875
72 88
72 413
72 434
73 81
73 210
73 566
74 178
74 300
74 545
74 551
74 970
75 88
75 495
75 795
76 87
76 88
76 94
76 103
76 111
76 143
76 273
76 430
76 454
76 494
76 678
76 734
76 835
76 942
76 963
77 145
77 447
77 499
78 414
78 635
78 827
78 899
78 903
79 175
79 322
79 660
79 903
80 659
80 936
81 149
81 188
81 204
81 325
81 541
81 778
82 111
82 137
82 172
82 329
82 336
82 377
82 454
82 529
82 783
82 787
82 858
82 867
82 963
83 274
83 337
83 351
83 429
83 623
83 854
84 187
84 439
84 446
84 951
85 368
85 400
86 131
86 270
86 329
86 498
87 103
87 734
87 789
88 92
88 95
88 164
88 196
88 236
88 248
88 329
88 332
88 463
88 467
88 495
88 523
88 541
88 628
88 643
88 696
88 778
88 783
88 795
88 895
88 976
89 102
89 152
89 207
89 239
89 297
89 327
89 328
89 329
89 391
89 541
89 582
89 696
89 791
89 808
89 872
90 598
91 266
91 296
91 488
91 521
91 597
92 93
92 99
92 107
92 116
92 145
92 151
92 191
92 199
92 222
92 249
92 270
92 294
92 329
92 353
92 357
92 386
92 391
92 413
92 473
92 503
92 627
92 666
92 696
92 736
92 778
92 783
92 795
92 908
93 116
93 213
93 329
93 413
93 577
93 696
93 778
93 783
93 887
93 891
94 143
94 699
94 963
95 236
95 490
95 559
95 696
95 783
95 795
95 835
96 259
96 363
96 396
97 157
97 187
97 349
97 575
97 970
98 173
98 187
98 274
98 337
98 391
98 485
99 191
99 269
99 329
99 696
99 736
100 298
100 353
100 554
100 653
100 783
101 109
101 171
101 181
101 215
101 374
102 192
102 391
104 331
104 434
104 796
105 117
105 145
105 149
105 157
105 204
105 210
105 398
105 448
105 934
106 112
106 221
106 371
106 854
107 114
107 125
107 127
107 133
107 155
107 156
107 159
107 180
107 210
107 220
107 250
107 292
107 306
107 320
107 373
107 384
107 468
107 525
107 585
107 655
107 696
107 829
107 866
108 145
108 237
108 396
108 715
108 720
109 436
109 605
110 190
110 400
110 463
110 677
111 143
111 172
111 262
111 304
111 336
111 391
111 404
111 454
111 484
111 529
111 621
111 687
111 762
111 784
111 787
111 835
111 867
112 115
112 156
112 201
112 221
112 261
112 271
112 371
112 435
112 530
112 599
112 626
112 854
113 118
113 137
113 163
113 460
114 127
114 159
114 210
114 220
114 250
114 306
114 373
114 448
114 468
114 655
114 866
115 184
115 261
115 351
115 599
115 854
115 979
116 329
116 470
116 508
116 577
116 685
116 778
117 149
117 509
117 746
118 137
118 404
118 570
118 851
118 993
119 208
119 497
119 783
119 977
120 160
120 330
121 189
121 433
122 145
122 163
122 252
122 259
122 326
122 377
122 396
122 828
122 978
123 142
123 177
123 329
123 339
124 139
124 312
124 383
124 391
125 139
125 152
125 167
125 297
125 391
125 403
125 696
125 758
125 801
125 946
126 160
126 177
126 330
126 541
126 717
126 882
127 436
127 863
128 154
128 175
128 196
128 214
128 216
128 245
128 293
128 457
128 459
128 473
128 475
128 489
128 504
128 513
128 599
128 601
128 660
128 696
128 730
128 854
128 903
128 916
129 163
129 500
129 573
129 836
130 781
131 270
131 284
131 329
131 387
131 498
131 645
132 172
132 198
132 414
132 487
133 450
133 465
133 783
134 172
134 280
134 414
134 608
134 876
135 176
135 541
135 875
135 943
136 163
136 200
136 412
136 507
136 870
137 163
137 172
137 183
137 194
137 195
137 214
137 268
137 302
137 321
137 323
137 324
137 329
137 395
137 396
137 404
137 414
137 506
137 540
137 570
137 688
137 703
137 721
137 774
137 783
137 836
137 851
137 854
137 865
137 903
137 965
137 993
138 296
138 388
138 435
138 439
138 854
138 855
139 168
139 297
139 312
139 329
139 360
139 383
139 498
139 778
140 144
140 256
140 257
140 320
140 541
141 197
141 353
141 378
141 628
141 773
141 783
142 339
142 391
143 621
143 687
143 699
143 963
143 991
144 150
144 157
144 842
144 970
145 165
145 170
145 183
145 237
145 268
145 302
145 350
145 396
145 473
145 474
145 580
145 590
145 715
145 720
145 836
145 854
145 903
145 937
145 965
146 337
146 402
146 623
147 229
147 450
147 757
147 789
148 328
148 391
148 752
149 204
149 210
149 473
149 746
149 955
149 979
150 174
150 176
150 320
150 583
150 970
151 222
151 503
151 696
152 297
152 329
152 826
153 291
153 379
153 401
153 487
153 524
153 611
154 481
154 505
154 771
155 180
155 220
155 225
156 197
156 210
156 235
156 435
156 475
156 584
156 623
156 854
157 178
157 320
157 349
157 478
157 551
157 659
157 883
157 970
158 242
158 277
158 321
158 510
158 517
158 535
158 570
158 621
158 773
158 835
158 918
158 931
159 373
159 964
160 177
160 391
160 582
160 610
161 628
161 773
162 381
162 662
163 194
163 195
163 259
163 268
163 302
163 326
163 377
163 396
163 404
163 405
163 419
163 431
163 527
163 570
163 836
163 890
164 332
164 461
165 474
165 590
165 618
165 632
166 783
166 835
167 297
167 329
167 391
167 557
167 598
167 633
167 696
167 801
168 312
168 329
168 360
168 696
169 353
169 956
170 183
170 246
171 181
171 215
171 701
171 923
172 182
172 183
172 198
172 280
172 304
172 335
172 336
172 356
172 401
172 414
172 454
172 484
172 486
172 561
172 570
172 608
172 621
172 687
172 776
172 922
173 187
173 312
173 320
173 552
173 938
174 176
174 256
174 320
174 391
174 970
175 342
175 433
175 660
176 204
176 256
176 264
176 329
176 472
176 598
176 624
176 767
176 970
177 227
177 391
177 598
178 300
178 320
178 432
178 831
178 834
179 185
179 333
179 547
179 783
179 835
180 225
181 210
181 408
181 701
182 197
182 305
182 329
182 341
182 353
182 400
182 562
182 628
182 783
182 795
182 930
183 268
183 287
183 316
183 396
183 458
183 704
183 780
184 854
184 888
185 315
185 783
186 341
186 353
186 783
187 296
187 337
187 351
187 353
187 429
187 623
187 849
188 199
188 204
188 565
189 244
189 319
189 414
189 433
190 275
190 677
191 285
191 329
191 355
191 696
191 927
192 391
192 791
193 391
193 442
193 875
194 323
195 200
195 276
195 324
195 965
195 994
196 940
197 400
197 558
197 628
197 653
197 676
197 773
197 835
198 243
198 308
198 401
198 414
198 417
198 611
198 965
199 701
200 268
200 314
200 396
200 412
200 570
200 607
200 608
200 611
200 664
200 681
200 696
200 759
200 787
200 797
201 217
201 226
201 279
201 337
201 393
201 435
201 612
201 616
201 626
201 660
201 700
201 854
202 289
202 337
202 429
202 485
203 213
203 222
203 329
203 334
204 210
204 251
204 256
204 325
204 374
204 391
204 398
204 435
204 448
204 541
204 565
204 602
204 658
204 696
204 701
204 854
205 643
205 731
205 778
206 396
206 499
206 576
206 703
206 836
206 885
207 327
207 328
207 391
207 438
207 778
208 242
208 772
208 783
208 789
208 790
209 228
209 265
209 313
209 318
209 370
209 381
209 638
209 662
210 222
210 225
210 230
210 256
210 257
210 274
210 288
210 298
210 300
210 311
210 325
210 329
210 343
210 391
210 392
210 396
210 398
210 436
210 440
210 473
210 530
210 541
210 566
210 582
210 623
210 658
210 680
210 693
210 696
210 701
210 707
210 749
210 764
210 778
210 795
210 854
210 863
211 300
211 320
211 391
211 472
211 713
211 722
211 746
211 970
212 473
212 639
212 741
212 903
213 294
213 329
213 577
213 696
213 778
214 232
214 282
214 290
214 322
214 342
214 346
214 353
214 381
214 396
214 433
214 473
214 593
214 620
214 622
214 635
214 639
214 660
214 669
214 741
214 745
214 761
214 766
214 819
214 903
214 949
215 325
215 374
215 440
215 605
215 701
216 293
216 381
216 457
216 473
216 622
216 660
216 712
216 723
217 617
217 705
217 748
217 854
218 236
218 523
218 696
218 795
219 353
219 366
219 714
220 225
220 266
220 311
220 329
220 337
220 351
220 373
220 384
220 390
220 400
220 521
220 584
220 616
220 650
220 674
221 228
221 235
221 371
221 393
221 626
221 854
222 256
222 329
222 353
222 386
222 391
222 400
222 498
222 503
222 562
222 627
222 696
222 736
222 778
222 783
222 795
223 484
223 608
223 687
223 987
224 240
224 275
224 298
224 353
224 366
224 376
224 378
224 422
224 628
224 653
224 663
224 696
224 744
224 773
224 783
224 789
224 796
224 835
225 266
225 274
225 292
225 337
225 373
225 384
225 388
225 398
225 456
225 531
225 981
226 418
226 473
226 496
226 530
226 612
226 616
226 854
227 391
227 598
227 882
228 261
228 265
228 365
228 381
228 396
228 504
229 454
229 765
229 783
230 436
230 456
230 515
230 658
230 671
230 707
230 764
231 329
231 696
232 282
232 534
232 616
232 660
232 661
232 760
233 267
233 454
233 621
233 783
234 377
234 396
234 564
234 737
235 382
235 435
235 623
235 696
235 751
236 425
236 653
236 778
236 783
236 795
237 396
237 720
238 303
238 307
238 623
238 631
238 854
239 391
239 582
240 652
240 670
240 783
241 353
241 400
241 857
242 277
242 397
242 400
242 535
242 772
242 783
243 308
243 314
243 414
243 487
243 544
243 607
243 726
243 996
244 319
244 449
245 293
245 473
245 660
245 712
245 745
245 766
245 933
246 316
247 261
247 359
247 381
247 394
247 504
247 579
247 792
247 854
248 257
248 329
248 364
248 413
248 666
248 696
248 753
248 778
248 783
248 796
248 881
249 297
249 329
249 403
249 473
249 649
249 932
250 468
251 257
251 325
251 398
252 286
252 302
252 338
252 396
252 419
252 546
252 715
253 397
253 591
253 663
254 329
254 387
254 696
254 778
255 300
255 551
256 257
256 264
256 320
256 329
256 334
256 337
256 343
256 385
256 389
256 391
256 399
256 478
256 541
256 598
256 624
256 648
256 660
256 696
256 722
256 724
256 875
257 264
257 320
257 329
257 334
257 385
257 391
257 541
257 549
257 598
257 722
257 724
257 920
257 970
258 337
258 380
258 617
258 854
259 268
259 326
259 363
259 377
259 396
259 464
259 725
259 737
259 747
259 783
260 276
260 324
260 611
260 721
260 738
260 965
261 290
261 435
261 599
261 854
262 336
262 621
262 787
263 444
263 465
263 628
264 320
264 391
264 541
264 624
264 722
264 767
264 943
265 318
265 352
265 365
265 370
265 381
265 394
265 428
265 473
265 616
265 622
265 660
265 672
265 792
265 854
265 905
266 373
266 488
266 597
266 623
266 683
267 454
267 687
267 778
267 783
267 839
268 287
268 369
268 391
268 396
268 499
268 595
268 660
268 780
269 285
269 329
269 427
269 696
269 736
269 778
270 329
270 353
270 361
270 387
270 498
270 577
270 645
270 696
270 773
270 778
270 783
271 626
271 854
272 322
272 342
272 660
273 348
273 494
273 699
274 303
274 337
274 429
274 439
275 353
275 677
275 802
276 281
276 571
276 965
277 604
277 718
277 773
277 783
277 824
278 391
278 679
278 696
278 783
279 700
279 854
280 409
280 608
280 699
280 783
281 324
281 404
281 466
281 473
281 571
281 688
281 774
282 433
282 620
282 637
282 660
282 661
282 692
282 741
283 297
283 329
283 658
283 696
283 758
284 329
285 329
285 696
286 546
287 316
287 367
287 760
288 374
288 680
288 970
289 303
289 337
289 351
289 435
290 319
290 322
290 346
290 396
290 415
290 620
290 639
290 660
290 730
290 766
290 903
291 375
291 395
291 797
292 456
293 299
293 457
293 473
293 601
293 660
293 712
293 723
293 760
293 788
293 799
294 329
294 353
294 577
294 696
294 778
295 541
295 581
295 630
296 337
296 388
296 537
296 732
297 312
297 328
297 329
297 387
297 391
297 403
297 438
297 519
297 541
297 598
297 649
297 679
297 696
297 758
297 778
297 808
297 982
298 353
298 400
298 422
298 558
298 628
298 647
298 652
298 653
298 657
298 676
298 718
298 755
298 773
298 778
298 783
298 835
299 373
299 473
299 672
300 329
300 541
300 545
300 551
300 606
300 613
300 713
300 783
300 970
301 603
301 623
302 396
302 419
302 431
302 441
302 629
302 704
302 809
303 307
303 337
303 393
303 402
303 587
303 603
303 623
303 631
303 794
304 621
304 687
304 783
304 787
305 341
305 353
305 376
305 400
305 643
305 710
306 655
307 623
307 631
308 353
308 414
308 417
308 660
308 696
308 709
308 756
308 783
308 787
309 414
309 608
309 743
309 987
310 313
310 423
310 622
310 916
311 436
311 707
312 329
312 387
312 391
312 438
312 519
312 582
312 598
312 677
312 696
312 750
312 758
312 778
313 370
313 473
313 609
313 622
313 638
313 692
314 379
314 396
314 414
314 487
314 524
314 544
314 608
314 640
314 726
314 797
315 536
315 718
315 770
315 783
316 458
316 715
317 384
317 390
317 518
318 352
318 370
318 381
318 473
319 449
319 534
319 761
320 325
320 329
320 343
320 353
320 381
320 389
320 399
320 472
320 509
320 541
320 545
320 549
320 551
320 583
320 598
320 660
320 696
320 713
320 722
320 724
320 778
320 783
320 875
320 920
320 970
321 703
322 620
322 660
323 345
323 391
323 704
323 727
323 759
324 345
324 404
324 466
324 506
324 571
324 611
324 688
324 689
324 690
324 703
325 391
325 398
325 448
325 602
325 701
326 363
326 377
326 396
326 755
327 391
327 696
327 752
327 856
328 329
328 391
328 538
328 582
328 660
328 679
328 740
328 752
329 334
329 337
329 343
329 353
329 355
329 360
329 361
329 364
329 366
329 373
329 383
329 387
329 389
329 391
329 403
329 427
329 434
329 436
329 438
329 453
329 467
329 498
329 503
329 541
329 551
329 557
329 558
329 560
329 570
329 572
329 577
329 581
329 582
329 586
329 598
329 600
329 608
329 619
329 620
329 628
329 633
329 645
329 649
329 653
329 665
329 675
329 679
329 684
329 687
329 693
329 696
329 699
329 704
329 707
329 708
329 722
329 724
329 736
329 750
329 754
329 758
329 768
329 773
329 778
329 783
329 795
329 796
329 835
329 864
329 872
329 912
329 927
329 952
329 979
330 391
330 717
330 882
331 796
332 495
332 778
333 366
333 453
333 718
333 783
334 391
334 399
334 541
334 574
334 598
334 630
334 724
334 875
335 477
335 621
335 762
335 776
336 621
336 762
336 784
336 787
337 351
337 384
337 391
337 429
337 451
337 473
337 485
337 515
337 525
337 598
337 603
337 623
337 660
337 783
337 794
337 854
338 396
338 546
339 391
339 541
339 598
339 600
339 783
340 349
340 575
340 659
341 400
341 562
341 628
341 653
341 773
341 778
341 795
342 473
342 660
343 391
343 432
343 578
343 598
343 610
343 630
344 476
344 886
345 396
345 533
345 569
345 704
345 786
345 947
346 766
347 675
347 778
348 430
348 699
349 718
350 637
350 760
350 783
350 786
351 390
351 391
351 429
351 451
351 485
351 623
351 642
352 370
352 381
353 366
353 368
353 373
353 376
353 378
353 391
353 396
353 400
353 414
353 461
353 463
353 539
353 540
353 558
353 608
353 621
353 628
353 643
353 652
353 653
353 656
353 657
353 663
353 665
353 676
353 677
353 679
353 696
353 697
353 699
353 710
353 714
353 718
353 759
353 773
353 778
353 783
353 787
353 790
353 795
353 835
353 854
353 879
353 930
354 787
354 963
355 427
355 696
355 736
356 462
356 526
356 687
356 783
356 877
357 503
357 696
357 778
357 952
358 433
358 548
358 660
358 769
359 371
359 381
359 579
360 696
361 696
363 755
363 898
364 666
364 675
364 753
364 778
365 370
365 381
365 437
365 504
365 706
366 376
366 400
366 463
366 540
366 628
366 710
366 773
366 783
367 447
367 499
367 676
368 400
368 463
368 643
368 696
368 783
368 795
369 377
369 682
369 698
369 747
369 755
369 783
369 788
369 903
370 381
371 418
371 435
371 660
371 838
371 854
372 660
373 384
373 468
373 541
373 598
373 655
373 695
373 696
373 823
374 440
374 541
374 680
374 701
375 395
375 512
375 611
376 400
376 539
376 628
377 396
377 654
377 660
377 755
377 780
377 783
377 960
377 978
378 400
378 604
378 628
378 676
378 783
379 797
380 599
380 686
380 705
380 854
381 384
381 394
381 437
381 473
381 504
381 513
381 612
381 617
381 622
381 642
381 660
381 696
381 706
381 783
381 820
381 854
381 903
382 435
383 391
383 598
384 390
384 436
384 518
384 537
384 660
384 696
385 391
385 541
385 724
386 627
386 696
386 778
387 498
387 560
387 696
387 722
387 778
388 390
388 439
388 525
388 732
389 541
389 549
389 724
390 518
391 403
391 432
391 438
391 442
391 472
391 490
391 498
391 516
391 535
391 538
391 541
391 549
391 557
391 570
391 577
391 578
391 581
391 582
391 583
391 598
391 600
391 608
391 610
391 619
391 620
391 621
391 622
391 628
391 630
391 636
391 641
391 647
391 649
391 679
391 687
391 696
391 701
391 717
391 722
391 724
391 735
391 740
391 742
391 752
391 758
391 768
391 778
391 779
391 783
391 787
391 791
391 795
391 801
391 808
391 970
392 693
393 616
394 428
395 401
395 410
395 487
395 512
395 568
395 738
395 782
395 783
395 795
396 404
396 414
396 419
396 431
396 441
396 473
396 492
396 499
396 533
396 546
396 564
396 570
396 573
396 576
396 621
396 629
396 653
396 704
396 725
396 747
396 755
396 760
396 774
396 783
396 825
396 836
396 916
397 591
397 652
397 773
397 783
397 835
399 541
399 586
399 696
399 875
400 403
400 404
400 409
400 414
400 450
400 462
400 463
400 473
400 476
400 477
400 491
400 495
400 497
400 501
400 506
400 510
400 523
400 540
400 541
400 549
400 558
400 559
400 562
400 570
400 582
400 598
400 628
400 643
400 652
400 653
400 657
400 665
400 676
400 677
400 696
400 710
400 714
400 773
400 783
400 787
400 795
400 802
400 807
400 833
400 835
400 836
400 854
400 857
400 880
400 895
400 903
400 908
400 916
400 918
400 924
400 930
400 963
400 977
401 404
401 405
401 414
401 417
401 621
401 687
401 815
401 847
401 850
401 876
401 965
401 974
402 550
402 552
402 603
402 623
402 854
402 903
403 438
403 473
403 498
403 519
403 541
403 560
403 572
403 578
403 649
403 696
403 758
403 801
403 826
403 932
403 945
403 982
404 406
404 410
404 414
404 417
404 427
404 433
404 441
404 463
404 466
404 473
404 477
404 480
404 484
404 492
404 506
404 522
404 524
404 527
404 528
404 569
404 570
404 571
404 573
404 576
404 583
404 598
404 607
404 681
404 687
404 688
404 689
404 690
404 704
404 759
404 774
404 783
404 787
404 795
404 835
404 836
404 851
404 854
404 865
404 876
404 877
404 915
404 924
404 926
404 963
404 965
404 970
404 993
404 998
405 409
405 414
405 417
405 524
405 965
405 992
406 414
406 570
406 836
407 497
407 536
407 718
407 783
407 835
407 929
408 440
408 541
408 701
408 979
409 414
409 473
409 589
409 965
409 987
410 414
410 512
410 524
410 568
410 570
410 832
411 474
411 590
411 660
412 414
412 507
412 512
412 592
412 611
412 651
412 738
412 965
413 414
413 434
413 495
413 523
413 696
413 773
413 778
413 783
413 795
413 796
413 875
413 895
413 963
414 417
414 429
414 430
414 443
414 450
414 453
414 462
414 463
414 473
414 484
414 486
414 487
414 507
414 512
414 524
414 525
414 526
414 533
414 544
414 568
414 570
414 589
414 608
414 621
414 667
414 687
414 704
414 709
414 756
414 759
414 762
414 783
414 787
414 797
414 815
414 835
414 847
414 854
414 867
414 890
414 942
414 963
414 965
414 980
414 987
414 992
414 995
415 433
415 489
415 513
415 593
415 620
415 660
415 836
415 854
416 473
416 482
416 541
416 598
416 724
416 875
417 454
417 462
417 486
417 487
417 512
417 544
417 589
417 667
417 687
417 699
417 709
417 756
417 836
417 847
417 854
417 858
418 435
418 496
418 530
418 599
418 854
419 431
419 441
419 546
420 421
420 473
420 622
420 916
420 953
421 470
421 473
421 532
421 622
421 854
421 916
421 953
422 520
422 653
422 677
422 696
422 773
422 783
423 445
423 452
423 473
423 622
423 638
423 854
423 916
423 953
424 433
424 457
424 459
424 473
424 505
424 513
424 854
424 903
425 495
425 559
425 795
425 924
425 969
425 976
426 560
426 582
426 768
426 846
427 453
427 503
427 508
427 582
427 696
427 778
427 912
427 952
428 473
428 504
428 579
428 905
429 435
429 451
429 485
429 521
429 849
429 854
429 903
430 494
430 699
430 783
430 789
430 858
430 942
430 963
431 441
431 492
431 564
431 570
431 629
431 755
431 809
431 840
432 541
432 582
432 598
432 600
432 735
432 854
432 875
432 882
433 435
433 449
433 473
433 474
433 475
433 489
433 499
433 534
433 541
433 548
433 637
433 660
433 669
433 741
433 760
433 761
433 854
433 903
433 961
434 463
434 498
434 559
434 598
434 696
434 783
434 796
434 881
434 895
435 446
435 473
435 475
435 518
435 530
435 552
435 556
435 584
435 598
435 599
435 622
435 686
435 751
435 836
435 852
435 854
435 901
436 446
436 456
436 468
436 471
436 473
436 475
436 485
436 488
436 502
436 503
436 504
436 515
436 518
436 525
436 531
436 537
436 545
436 566
436 583
436 585
436 597
436 598
436 623
436 658
436 695
436 696
436 707
436 783
436 854
436 859
436 863
436 903
436 916
436 964
436 970
436 975
436 979
437 473
437 504
437 686
437 792
437 854
437 916
438 463
438 498
438 503
438 541
438 560
438 572
438 578
438 585
438 696
438 778
438 872
439 485
439 541
439 556
439 599
439 849
439 855
440 598
440 701
440 817
441 492
441 546
441 564
441 629
441 783
441 809
441 836
441 840
441 885
442 516
442 574
442 598
442 841
442 875
442 970
443 493
443 621
443 784
443 963
444 465
444 783
444 833
444 835
444 918
444 963
445 473
445 563
445 672
445 854
445 910
445 916
446 537
446 556
446 854
447 473
447 474
447 483
447 499
447 503
447 660
447 715
447 755
447 854
447 898
447 903
447 997
448 473
448 509
448 541
448 854
448 934
448 970
448 973
449 473
449 504
449 534
449 548
449 660
449 854
449 903
450 465
450 591
450 696
450 757
450 783
450 789
450 931
450 942
450 963
450 983
451 473
451 485
451 854
452 473
452 916
453 455
453 497
453 536
453 547
453 652
453 696
453 718
453 783
453 835
454 473
454 529
454 621
454 787
454 839
454 858
454 896
454 917
454 963
454 965
455 652
455 783
455 811
455 835
456 525
456 537
457 473
457 513
457 514
457 601
457 854
457 916
458 660
458 760
459 473
459 513
459 660
459 835
460 480
460 522
460 726
461 467
461 476
461 495
461 643
461 778
461 795
462 486
462 526
462 608
462 687
462 876
462 877
462 922
462 974
462 987
463 491
463 498
463 503
463 559
463 598
463 665
463 677
463 696
463 835
463 880
463 970
464 499
464 822
464 898
465 510
465 517
465 528
465 789
465 833
465 835
466 571
466 835
466 965
467 523
467 795
468 525
468 541
469 584
469 751
469 852
469 854
470 508
470 577
470 778
470 887
470 891
471 863
471 970
472 541
472 583
472 598
472 722
472 733
472 875
472 959
472 970
473 474
473 480
473 481
473 482
473 483
473 489
473 504
473 505
473 506
473 510
473 513
473 514
473 518
473 532
473 534
473 537
473 541
473 542
473 548
473 563
473 565
473 579
473 580
473 582
473 583
473 584
473 588
473 595
473 601
473 620
473 622
473 626
473 639
473 644
473 647
473 660
473 696
473 712
473 723
473 725
473 751
473 755
473 760
473 766
473 771
473 773
473 778
473 783
473 788
473 793
473 799
473 819
473 835
473 836
473 852
473 854
473 884
473 897
473 898
473 899
473 903
473 916
473 919
473 933
473 937
473 954
473 963
473 965
473 966
473 970
474 533
474 580
474 590
474 618
474 632
474 660
474 760
474 818
474 854
474 903
474 928
474 950
475 751
475 875
475 901
476 495
476 813
476 886
477 486
477 561
477 687
477 963
478 502
478 541
478 545
478 551
478 567
478 598
478 606
478 659
478 936
478 970
479 503
479 577
479 696
479 778
479 814
480 506
480 522
480 570
480 571
480 690
480 759
480 774
480 783
480 836
481 505
481 644
481 771
481 854
481 916
482 516
482 541
482 598
482 630
482 691
482 830
482 875
483 499
483 682
484 486
484 687
484 787
484 876
484 895
484 922
484 963
484 987
485 552
485 623
486 687
486 922
487 524
487 544
487 687
488 541
488 597
488 968
489 514
489 660
489 903
490 523
490 559
490 795
491 501
491 628
491 677
491 977
492 500
492 576
492 704
492 836
493 621
493 787
493 963
494 510
494 621
494 625
494 720
494 783
494 795
494 835
494 942
494 963
495 598
495 696
495 773
495 795
495 835
495 854
495 956
496 530
496 612
496 854
497 535
497 536
497 547
497 591
497 653
497 676
497 773
497 783
497 833
497 835
497 845
497 893
497 918
497 929
497 963
498 503
498 516
498 541
498 572
498 577
498 598
498 645
498 653
498 696
498 783
498 801
498 810
498 835
498 864
498 875
498 945
498 952
498 971
499 570
499 836
499 854
499 898
499 903
499 950
500 573
500 576
500 885
501 977
502 541
502 575
502 634
502 854
502 875
502 970
502 979
503 508
503 541
503 577
503 582
503 696
503 778
503 783
503 789
503 854
503 912
503 952
504 579
504 612
504 660
504 706
504 854
504 903
505 513
505 644
505 854
506 570
506 965
507 512
507 850
508 577
508 778
509 541
509 875
509 970
509 979
510 528
510 604
510 608
510 744
510 772
510 783
510 833
510 835
510 836
510 918
510 963
511 580
511 720
512 568
512 715
512 832
513 514
513 563
513 836
513 854
513 903
513 916
514 541
514 660
514 712
514 723
515 541
515 658
515 671
515 707
515 749
515 835
515 863
516 541
516 581
516 598
516 841
516 875
517 833
517 916
518 537
518 550
518 556
518 854
518 981
519 572
519 598
519 649
519 758
520 653
520 773
521 674
522 759
523 621
523 643
523 708
523 795
523 835
523 895
524 526
524 544
524 570
524 640
524 743
524 764
524 797
524 832
524 876
524 963
525 829
525 854
526 687
526 922
527 533
527 836
527 854
528 783
528 918
529 614
529 621
529 787
530 599
530 612
530 854
531 537
531 781
531 967
532 542
532 622
532 854
532 897
532 916
533 569
533 570
533 628
533 836
534 548
534 588
534 660
534 916
535 591
535 783
535 790
535 824
535 835
535 893
536 621
536 783
536 835
536 929
537 597
537 854
537 967
538 582
538 779
538 801
538 882
539 540
539 930
540 628
540 710
540 807
541 545
541 549
541 557
541 560
541 567
541 572
541 574
541 575
541 577
541 578
541 581
541 582
541 585
541 586
541 594
541 598
541 624
541 630
541 679
541 691
541 696
541 701
541 713
541 722
541 724
541 751
541 754
541 767
541 773
541 775
541 778
541 783
541 795
541 801
541 835
541 842
541 846
541 863
541 864
541 875
541 882
541 903
541 906
541 943
541 958
541 970
541 979
541 983
541 986
541 988
542 642
542 854
542 916
542 941
543 584
543 751
543 854
544 640
544 726
544 890
545 551
545 567
545 583
545 598
545 963
545 970
546 564
546 595
546 660
547 783
547 812
547 835
548 580
548 854
549 574
549 582
549 594
549 598
549 724
549 943
549 970
550 854
551 583
551 598
551 606
551 722
551 831
551 970
552 751
552 849
552 854
552 970
553 652
553 773
553 848
554 591
554 653
554 783
554 835
555 591
555 652
555 653
555 783
555 835
556 854
557 582
557 598
557 875
558 570
558 591
558 628
558 653
558 676
558 783
558 835
558 963
558 990
559 562
559 577
559 795
559 798
559 835
559 913
560 649
560 758
560 783
560 872
561 621
561 776
561 783
561 963
562 628
562 773
562 783
562 835
563 622
563 783
563 884
563 916
563 966
564 570
564 576
564 806
564 828
564 836
565 854
566 680
567 659
567 970
568 832
569 836
570 571
570 607
570 690
570 694
570 703
570 704
570 774
570 783
570 835
570 836
570 851
570 854
570 862
570 890
570 963
570 965
570 993
570 994
570 998
571 687
571 689
571 835
571 963
571 965
572 750
572 989
573 660
573 836
574 581
574 598
574 875
574 958
575 598
575 634
575 878
575 970
575 979
576 885
577 696
577 778
577 895
578 696
578 801
578 946
579 854
579 916
580 715
580 898
580 903
581 598
581 630
581 875
581 958
581 988
582 598
582 696
582 740
582 778
582 791
582 795
582 801
582 808
582 835
582 854
582 856
582 875
582 970
582 982
583 598
583 696
583 722
583 834
583 970
584 623
584 751
584 852
584 854
584 970
585 695
585 829
585 854
586 598
586 875
587 623
587 631
587 854
588 593
588 639
588 903
588 909
589 608
591 783
591 835
592 738
592 782
593 620
593 660
593 766
593 854
593 903
593 916
593 949
594 875
594 943
595 780
595 821
595 898
595 903
595 937
596 643
596 895
597 683
597 903
597 957
597 968
598 600
598 630
598 641
598 659
598 696
598 717
598 742
598 754
598 775
598 778
598 795
598 798
598 804
598 841
598 854
598 875
598 882
598 898
598 916
598 943
598 952
598 963
598 970
599 626
599 660
599 716
599 854
599 888
599 916
599 995
600 717
600 735
601 712
601 723
601 788
601 854
601 903
602 701
604 608
604 621
604 652
604 653
604 687
604 696
604 744
604 772
604 783
604 787
604 789
604 833
604 835
604 918
604 963
605 701
606 659
606 722
607 611
607 664
607 687
607 696
607 738
607 774
607 786
607 795
607 965
608 621
608 687
608 696
608 743
608 756
608 783
608 835
608 876
608 877
608 963
609 622
609 638
609 642
609 662
609 854
609 916
610 717
611 664
611 721
611 774
611 783
611 836
611 850
611 965
612 616
612 622
612 716
612 854
613 834
613 970
614 621
614 787
615 746
615 936
616 623
616 626
616 795
616 854
616 901
617 660
617 706
618 632
619 696
619 783
620 660
620 741
620 766
620 819
620 903
620 949
621 628
621 673
621 677
621 687
621 699
621 704
621 762
621 772
621 778
621 783
621 784
621 787
621 835
621 896
621 907
621 917
621 963
621 980
622 642
622 644
622 660
622 672
622 696
622 702
622 760
622 783
622 854
622 903
622 914
622 916
622 953
623 631
623 660
623 705
623 707
623 751
623 783
623 794
623 829
623 854
623 903
624 767
624 970
625 734
625 777
626 716
626 854
627 643
627 696
627 778
627 783
627 952
628 652
628 653
628 656
628 657
628 663
628 676
628 677
628 696
628 773
628 778
628 787
628 795
628 835
628 921
629 809
630 742
632 760
633 636
633 801
634 722
634 778
634 936
634 970
635 660
635 741
635 903
636 679
637 660
637 760
637 769
637 786
639 660
639 669
639 741
639 903
639 961
641 742
641 775
642 916
643 653
643 660
643 688
643 696
643 731
643 763
643 783
643 795
643 813
644 771
646 678
646 699
646 783
646 963
647 772
647 783
647 983
648 724
649 679
649 696
649 758
649 795
649 932
650 674
651 738
652 653
652 660
652 670
652 718
652 729
652 773
652 783
652 800
652 816
652 835
653 657
653 663
653 670
653 677
653 696
653 718
653 729
653 739
653 773
653 778
653 783
653 787
653 835
653 848
656 783
656 807
657 773
657 783
658 975
659 696
659 936
659 970
660 669
660 687
660 692
660 696
660 712
660 715
660 722
660 723
660 724
660 730
660 741
660 745
660 761
660 766
660 774
660 778
660 786
660 792
660 795
660 799
660 819
660 827
660 835
660 854
660 899
660 903
660 963
662 916
663 670
663 739
663 773
663 783
664 862
664 965
665 677
665 778
665 977
666 753
666 778
667 709
668 677
668 783
669 741
669 903
670 729
670 783
670 800
670 835
671 707
672 854
672 916
673 678
673 699
673 783
675 696
675 753
676 773
676 783
677 687
677 696
677 718
677 729
677 763
677 773
677 778
677 783
677 795
677 835
677 857
677 880
678 699
678 773
678 783
678 963
679 801
681 721
681 965
682 755
684 696
684 810
685 778
686 705
686 716
686 854
687 689
687 696
687 699
687 743
687 776
687 778
687 783
687 787
687 835
687 877
687 922
687 963
688 965
689 721
690 993
692 760
692 783
692 786
692 836
693 803
695 778
696 708
696 718
696 722
696 724
696 726
696 736
696 747
696 751
696 753
696 758
696 760
696 773
696 778
696 779
696 783
696 787
696 795
696 796
696 810
696 835
696 854
696 872
696 875
696 912
696 913
696 924
696 927
696 940
696 952
696 956
696 963
696 982
696 987
698 755
698 786
698 821
698 854
699 734
699 773
699 777
699 783
699 787
699 789
699 942
699 963
701 923
702 854
703 759
703 783
704 773
704 783
704 789
704 795
704 836
704 911
704 963
704 984
707 764
708 795
710 773
711 783
711 918
711 939
712 723
712 745
712 783
712 788
712 854
712 903
712 916
713 970
714 773
714 807
715 720
715 760
715 783
715 903
715 916
716 854
717 778
718 778
718 783
718 835
719 747
719 755
719 997
721 965
722 724
722 733
722 783
722 861
722 943
722 970
723 788
724 767
724 778
724 875
724 943
724 970
726 996
727 836
729 783
729 816
729 835
730 745
730 836
730 933
731 795
731 813
731 886
733 959
734 765
734 777
735 882
736 773
736 778
736 912
737 963
738 782
738 783
739 773
739 783
739 835
740 791
741 827
741 899
741 903
741 961
742 854
743 974
744 772
744 783
744 858
745 766
745 933
746 955
746 970
746 979
747 755
747 898
747 928
748 854
748 914
750 778
751 852
751 854
752 970
753 778
754 875
755 783
755 836
755 898
755 928
755 937
755 997
757 783
757 789
758 952
759 774
759 783
760 783
760 786
761 903
762 783
762 784
762 787
762 795
762 963
763 795
763 956
765 772
765 783
765 789
765 963
765 983
766 783
766 903
766 949
767 875
770 773
770 783
770 835
771 788
771 854
771 916
772 783
772 833
772 835
772 918
773 778
773 783
773 787
773 795
773 835
773 848
773 879
773 921
774 851
774 965
774 993
776 787
777 874
778 783
778 787
778 795
778 810
778 814
778 875
778 912
778 952
782 972
783 787
783 789
783 790
783 795
783 798
783 807
783 812
783 833
783 835
783 836
783 845
783 852
783 854
783 879
783 903
783 912
783 916
783 918
783 929
783 930
783 931
783 963
783 965
783 983
783 998
784 787
784 963
785 803
786 903
787 789
787 795
787 835
787 839
787 963
787 980
789 942
789 963
790 835
793 854
795 835
795 895
795 976
795 977
798 913
800 835
801 854
801 856
801 875
801 945
801 946
801 970
801 982
803 863
803 970
803 979
803 985
804 882
804 900
805 943
805 970
806 836
807 835
807 853
807 854
807 877
807 880
807 930
807 956
808 882
810 912
810 927
811 835
812 835
813 835
813 860
814 952
815 847
815 854
816 835
817 871
817 970
819 899
819 903
819 954
820 854
820 910
821 854
822 836
822 898
822 928
822 997
823 854
824 835
824 918
824 931
825 928
827 899
827 903
828 836
828 854
828 960
829 854
829 863
829 866
829 981
830 875
831 834
831 970
832 850
832 854
832 965
833 835
833 853
833 918
833 931
833 963
834 875
834 970
834 979
835 836
835 837
835 845
835 853
835 854
835 858
835 870
835 874
835 875
835 876
835 895
835 898
835 903
835 918
835 921
835 924
835 925
835 929
835 930
835 931
835 939
835 940
835 942
835 963
835 965
835 970
835 976
835 983
835 987
835 991
835 994
836 854
836 862
836 885
836 898
836 903
836 911
836 916
836 947
836 948
836 963
836 965
836 984
836 993
836 994
837 990
838 854
838 995
839 963
841 875
842 854
842 894
842 970
843 854
844 970
844 979
845 918
845 970
849 854
849 938
850 862
850 963
850 965
850 972
851 993
851 998
852 854
852 903
852 916
853 918
854 855
854 862
854 863
854 875
854 884
854 888
854 898
854 901
854 903
854 905
854 909
854 910
854 916
854 924
854 927
854 933
854 938
854 942
854 946
854 949
854 950
854 955
854 957
854 963
854 964
854 965
854 970
854 979
854 981
854 985
854 993
854 995
855 999
856 875
858 942
858 963
858 991
859 863
859 975
860 886
861 875
861 970
862 903
862 965
863 903
863 967
863 970
863 975
864 971
865 965
865 993
868 962
869 979
872 932
875 882
875 883
875 889
875 892
875 903
875 906
875 943
875 955
875 958
875 963
875 970
875 979
875 986
875 988
876 877
876 903
876 963
877 922
877 963
878 979
881 891
881 935
882 900
883 970
884 916
887 891
888 916
889 970
890 996
894 970
895 913
895 940
895 976
896 963
897 916
898 928
898 948
898 950
898 997
899 903
899 949
901 966
903 909
903 914
903 916
903 933
903 935
903 937
903 949
903 950
903 961
903 963
903 970
903 979
904 986
905 916
906 943
908 963
910 916
911 947
912 927
913 976
914 916
915 947
916 941
916 949
916 953
916 954
916 965
916 966
917 963
918 931
925 963
926 993
927 952
927 971
928 948
928 997
931 983
936 970
942 952
942 963
942 983
943 963
943 970
943 979
944 974
944 987
948 997
952 970
952 979
955 973
955 979
960 978
963 965
963 970
963 979
963 983
963 987
963 991
965 972
965 993
965 994
967 981
968 981
969 976
970 979
970 988
971 989
973 979
974 987
975 985
987 992
993 998
